53800
51520
63260
84940
47630
84010
90451
51520
92300
84370
82560
48700
63381
60230
52010
53521
52880
76140
46700
47550
103440
83900
54480
88220
92270
86480
47380
48280
53441
48170
86240
50290
51691
52030
91830
85041
89800
97720
87391
90711
89271
51870
99091
49750
54810
53251
52220
59031
54740
79301
48451
57890
51841
51701
89170
87421
50281
86091
46830
57511
46471
52580
52491
50391
54251
50291
50120
47320
53260
89801
51601
52110
85121
90951
52060
49080
51920
84331
54930
45781
53840
56011
85631
54850
47981
54021
53561
55351
54441
52620
54780
82801
48051
47291
47760
52971
88001
86631
53131
91851
