 47530
 62051
 49611
 48690
 50460
 50870
 52531
 89751
 48800
 53360
 58191
 49380
 54271
 51180
 52630
 92010
 83700
 83490
 51430
 57440
 50791
 92541
 52821
 51560
 52660
 95280
 48520
 93011
 46981
 82121
 53461
 48740
 47690
 48140
 54611
 47380
 49040
 47860
 84960
 48291
 53100
 52280
 53050
 53570
 54330
 50260
 86030
 47500
 86511
 104421
 48181
 47681
 91530
 53890
 47380
 61470
 53580
 51821
 88240
 47080
 52030
 52670
 45360
 52360
 47100
 53190
 53180
 52750
 54261
 43060
 89091
 52550
 53251
 46970
 50520
 94500
 48700
 53690
 51220
 47640
 92141
 90871
 53360
 49671
 52490
 51240
 89211
 90020
 52820
 94330
 52430
 49180
 49720
 95001
 86170
 73410
 52240
 93300
 84090
 48240
